1	1	105842838
1	2	96715197
1	3	113375145
1	4	91933494
1	5	103553777
1	6	109513402
1	7	86130877
1	8	116416189
1	9	87973213
1	10	86248108
1	11	111525938
1	12	77775783
1	13	95944417
1	14	85739859
1	15	96440083
1	16	84011854
1	17	81478895
1	18	89796821
1	19	76756318
1	20	69588547
2	1	96718033
2	2	88734422
2	3	104172253
2	4	84625390
2	5	95414668
2	6	101029715
2	7	79533682
2	8	107608168
2	9	81325247
2	10	79774204
2	11	103264067
2	12	71995821
2	13	88927670
2	14	79531049
2	15	89553746
2	16	78064555
2	17	75896155
2	18	83742586
2	19	71674408
2	20	65288889
3	1	113370986
3	2	104165258
3	3	122497460
3	4	99542940
3	5	112326643
3	6	119032483
3	7	93736947
3	8	126878958
3	9	95906498
3	10	94104027
3	11	121862961
3	12	84980618
3	13	105022608
3	14	93982878
3	15	105859751
3	16	92284788
3	17	89807322
3	18	99150622
3	19	84929573
3	20	77463687
4	1	91937549
4	2	84626609
4	3	99551154
4	4	81020552
4	5	91438160
4	6	96959856
4	7	76399527
4	8	103459067
4	9	78195495
4	10	76738668
4	11	99407482
4	12	69323444
4	13	85724548
4	14	76719131
4	15	86471355
4	16	75404029
4	17	73466442
4	18	81171361
4	19	69604200
4	20	63724696
5	1	103552770
5	2	95410825
5	3	112329795
5	4	91433098
5	5	103275052
5	6	109564519
5	7	86366532
5	8	116991378
5	9	88419114
5	10	86790874
5	11	112470349
5	12	78434293
5	13	97037761
5	14	86889630
5	15	97962022
5	16	85447928
5	17	83324786
5	18	92124901
5	19	79080088
5	20	72561661
6	1	109509464
6	2	101022941
6	3	119032704
6	4	96951863
6	5	109561588
6	6	116396076
6	7	91775086
6	8	124384778
6	9	93997568
6	10	92300317
6	11	119662170
6	12	83475349
6	13	103342478
6	14	92575644
6	15	104457425
6	16	91187570
6	17	89023148
6	18	98575772
6	19	84831545
6	20	78072133
7	1	86136330
7	2	79536299
7	3	93746559
7	4	76400925
7	5	86372992
7	6	91784477
7	7	72417420
7	8	98154363
7	9	74166565
7	10	72824011
7	11	94447200
7	12	65880646
7	13	81584770
7	14	73092674
7	15	82504516
7	16	72034561
7	17	70392218
7	18	77977014
7	19	67138931
7	20	61924198
8	1	116408604
8	2	107597747
8	3	126875532
8	4	103447427
8	5	116984800
8	6	124381131
8	7	98141325
8	8	133142640
8	9	100603909
8	10	98844162
8	11	128207576
8	12	89472682
8	13	110852175
8	14	99392800
8	15	112247314
8	16	98064117
8	17	95952623
8	18	106449929
8	19	91880921
8	20	85121467
9	1	87977495
9	2	81326693
9	3	95914939
9	4	78195722
9	5	88424403
9	6	94005788
9	7	74165394
9	8	100615776
9	9	76070612
9	10	74743420
9	11	96957162
9	12	67686691
9	13	83871778
9	14	75213061
9	15	84960093
9	16	74204226
9	17	72620499
9	18	80568493
9	19	69550894
9	20	64345817
10	1	86252795
10	2	79776055
10	3	94112873
10	4	76739300
10	5	86796568
10	6	92308942
10	7	72823245
10	8	98856434
10	9	74743825
10	10	73498282
10	11	95350936
10	12	66595480
10	13	82545205
10	14	74083713
10	15	83709111
10	16	73162109
10	17	71647179
10	18	79572779
10	19	68796597
10	20	63816962
11	1	111519713
11	2	103255006
11	3	121860895
11	4	99397202
11	5	112465131
11	6	119659883
11	7	94435522
11	8	128208936
11	9	96946655
11	10	95340024
11	11	123812934
11	12	86452319
11	13	107197304
11	14	96248230
11	15	108842806
11	16	95183997
11	17	93279162
11	18	103677621
11	19	89716196
11	20	83312431
12	1	77783565
12	2	72000767
12	3	84992559
12	4	69327171
12	5	78443082
12	6	83487069
12	7	65882975
12	8	89488049
12	9	67690191
12	10	66598575
12	11	86466326
12	12	60445898
12	13	74954519
12	14	67337882
12	15	76185639
12	16	66636180
12	17	65372155
12	18	72748049
12	19	63105460
12	20	58766563
13	1	95943965
13	2	88924382
13	3	105026315
13	4	85720041
13	5	97038316
13	6	103345964
13	7	81578865
13	8	110859308
13	9	83867044
13	10	82540066
13	11	107203077
13	12	74946285
13	13	93079344
13	14	83667204
13	15	94704878
13	16	82918701
13	17	81400178
13	18	90732361
13	19	78861888
13	20	73671076
14	1	85743235
14	2	79531589
14	3	93990413
14	4	76718452
14	5	86894013
14	6	92582958
14	7	73090597
14	8	99403761
14	9	75212155
14	10	74082402
14	11	96257831
14	12	67333476
14	13	83671032
14	14	75313444
14	15	85299199
14	16	74749440
14	17	73478012
14	18	82054185
14	19	71521477
14	20	67118072
15	1	96438180
15	2	89549007
15	3	105862007
15	4	86465397
15	5	97961126
15	6	104459460
15	7	82497160
15	8	112252996
15	9	84953908
15	10	83702521
15	11	108847128
15	12	76175954
15	13	94703427
15	14	85293920
15	15	96753342
15	16	84848373
15	17	83547608
15	18	93486741
15	19	81770220
15	20	77046256
16	1	84015080
16	2	78064945
16	3	92292173
16	4	75403200
16	5	85452161
16	6	91194734
16	7	72032334
16	8	98074928
16	9	74203170
16	10	73160648
16	11	95193448
16	12	66631624
16	13	82922379
16	14	74749290
16	15	84853502
16	16	74566136
16	17	73464683
16	18	82402991
16	19	72285733
16	20	68434073
17	1	81482259
17	2	75896683
17	3	89814845
17	4	73465751
17	5	83329157
17	6	89030450
17	7	70390129
17	8	95963572
17	9	72619581
17	10	71645856
17	11	93288751
17	12	65367737
17	13	81403994
17	14	73478000
17	15	83552875
17	16	73464821
17	17	72670284
17	18	81717210
17	19	72028811
17	20	68730572
18	1	89794999
18	2	83737928
18	3	99152959
18	4	81165484
18	5	92124086
18	6	98577888
18	7	77969739
18	8	106455692
18	9	80562389
18	10	79566270
18	11	103682024
18	12	72738445
18	13	90730991
18	14	82048987
18	15	93486822
18	16	82397943
18	17	81712024
18	18	92402804
18	19	82102351
18	20	79217461
19	1	76758889
19	2	71674143
19	3	84936303
19	4	69602716
19	5	79083666
19	6	84838054
19	7	67136049
19	8	91891077
19	9	69549183
19	10	68794481
19	11	89724992
19	12	63100249
19	13	78864911
19	14	71520672
19	15	81774694
19	16	72285078
19	17	72028018
19	18	82106744
19	19	73933488
19	20	72543261
20	1	69591728
20	2	65289234
20	3	77471027
20	4	63723822
20	5	72565849
20	6	78079252
20	7	61921926
20	8	85132233
20	9	64344716
20	10	63815456
20	11	83321837
20	12	58761962
20	13	73674709
20	14	67117877
20	15	77051340
20	16	68434028
20	17	68730389
20	18	79222464
20	19	72543871
20	20	73644022
